3880.04
-0.69532
-0.0235436
21.3292
-0.306222
1.24242
26.1462
4.33722
1.67995
4.24757
4.68151
2.92594
0.16242
5.9102
1.51072
-0.662246
1.17318
0.616714
-0.361674
-0.408888
-1.72309
0.265133
-0.51577
20.0849
2.04228
11.4623
3.01835
1.34513
1.86134
-0.583198
0.05433
-0.975101
-1.37831
2.79109
3.96541
2.65644
3.75837
-1.09521
3.51461
-1.03873
-0.899311
1.3743
-0.439125
0.0116211
-1.21423
-0.906362
1.74326
-1.22072
0.029721
10.779
-0.331399
0.8704
-0.828025
0.667236
3.32344
-0.650058
0.930478
-1.54586
0.13774
1.40363
-0.582477
1.44171
4.26459
0.456077
-0.707667
1.06317
2.54731
3.18624
3.49751
1.19507
-1.16272
0.295223
-1.12594
0.901711
1.16698
0.787706
5.11718
2.51038
54.5766
0.482782
6.90079
-0.827575
4.33262
6.85526
0.609202
2.48034
0.341754
-1.53715
2.38196
1.9233
1.3473
3.93554
-0.804765
-1.5784
0.134849
-0.947685
-0.24854
0.547322
0.925807
2.24108
2.74692
0.875587
1.81929
3.81012
2.71973
3.30591
-1.11924
-0.939384
-1.43139
6.46692
-0.922747
0.163031
-0.593029
-0.818897
3.00302
3.29715
-0.533581
0.900379
30.962
8.89487
-0.889025
1.23849
0.508323
11.7028
-0.603983
3.21554
2.49069
64.8338
0.929762
5.92126
198.821
1.69287
-0.171943
2.67824
2.00365
-0.156344
-0.530232
0.963319
-0.77629
310.513
-0.946906
2.83421
-1.7583
0.602216
6.77892
-0.016867
2.35098
-0.279866
0.733411
3.18783
7.66308
2.8053
-1.22787
-0.952908
1.19991
5.1262
1.14752
19.9584
55.5671
0.271009
-0.467782
0.319182
2.85983
3.26116
2.3481
-1.09276
4.83138
4.16003
-0.253692
-0.131638
28.2764
0.814739
0.279719
-2.85448
8.94051
-2.3592
-0.678134
-2.05499
2.31092
4.05111
2.39022
32.0786
1.33357
1.59437
1.07372
3.74362
2.04255
3.2618
24.2431
-1.82053
-0.0375299
8.98712
0.0701233
0.184754
0.0792389
19.2478
7.71461
4.5318
1.66461
0.718469
-0.413461
-1.26864
0.0173576
-1.88577
-0.25309
0.569152
1.02689
0.50425
0.926214
-0.97192
5.94427
-0.683707
-0.024034
-0.63839
17.7558
3.23469
-0.871435
-0.178279
0.66128
0.475583
3.98298
-0.050193
3.42468
1.35851
-0.968612
-0.764074
3.24192
3.87841
52.5523
3.47501
1.83043
3.23278
24.9732
2.22469
4.93496
13.3973
2.93017
3.09261
2.02544
23.8144
-0.69524
0.273917
23.2492
-1.0263
2.45062
25.7697
71.5204
-1.31216
1.37374
3.23132
1.79566
2.11152
3.39454
1.08105
1.98789
-1.29463
2.67006
0.588485
-0.365608
-2.47344
1.3226
-0.531799
-1.84305
12.0655
4.22079
0.955613
0.7777
4.70288
0.909831
-0.533689
2.01515
-0.877718
0.174882
1.25685
18.6463
17.2751
-1.28842
2.37511
1.4712
2.51098
-0.890498
2.75478
-0.868625
2.8519
-0.120372
0.55189
2.14349
3.07501
1.80467
-1.89077
-0.57142
117.669
1.98242
2.664
2.19037
1.47516
0.248695
0.644334
10.0864
4.96089
2.23363
-1.80377
-2.04384
3.50159
-0.116039
4.18221
36531.5
4.45391
1.24229
6.60824
2.4896
11.9376
-1.43594
4.22984
0.517559
-1.64124
5.08197
7.18995
0.332279
-1.22436
-0.356371
-0.757061
0.672179
1.60875
6.15955
-1.5953
-0.971971
1.99678
6.96746
-0.456705
-0.267077
330.951
-0.157069
10.8208
7.64945
0.111037
-1.68352
3.63146
-0.518785
1.42553
-1.85509
3.11716
6.22564
6.00658
1.21698
1.65846
5.20581
0.278506
3.51449
0.830853
6.66979
20.7432
1.80921
3.70008
0.530849
2.79377
-1.54234
-0.739188
10.2056
3.8947
28.8304
0.860162
-0.881818
0.920436
1.11323
0.728692
-0.0537607
-0.0464492
24.5944
5.9087
34.7126
3615.16
21.3137
-0.212661
-2.21579
0.956948
3.13566
1.32886
-1.86423
6.94156
-1.03379
-1.14068
10.644
0.965241
12.477
1.80206
4.66972
6.29776
1.62009
-1.44871
-1.45956
11.559
-0.7905
1.22523
-1.34071
-0.0316661
17.0088
1.41251
1.89677
5.79033
2.76317
0.12596
-1.52031
-0.193757
3.7583
3.09288
2.29853
-0.782273
5.61983
3.01447
8.04679
6.11837
-1.30883
-1.32823
10.6686
4.63773
-1.31568
7.92515
5.06005
3.29277
-0.29017
1.0735
17.9118
3.00999
1.06018
10.4243
1.99138
-1.72533
4.8582
0.334601
2.33937
-0.384626
2.73688
1.96085
5.84176
29.3124
0.675915
295.383
4.37165
0.982095
0.638342
-0.936462
1.61713
7.01184
14.0272
6.6846
0.965038
-0.109683
3.00261
4.84612
3.02383
1.38631
7.09039
2.4854
1.04521
1.81047
0.455029
2.89545
13.9253
-0.0601191
-0.950432
32.4457
3.48547
0.948935
2.57462
0.470236
-0.270011
0.0754197
3.6973
-1.52369
1.29888
-1.22886
-0.945267
149.509
0.391173
4.79776
12.127
0.640375
6.35617
0.355104
-0.114914
0.465159
4.50903
2.1194
1.27555
3.12757
0.234882
8.02694
6.96827
-0.714855
0.201097
22.5239
-1.12478
-0.309753
8.41349
0.418087
69.707
-1.70135
6.80954
1.48768
1.27545
30.571
27.7828
3.24733
8.42443
1.0333
0.258493
-1.41176
1.00847
-0.385676
0.335356
1.76605
0.17373
10.9109
1.28023
-0.168766
35.2295
12.974
-0.333621
0.232191
-0.000731317
-0.817143
-1.09727
-0.526045
0.121187
9.118
0.609478
5.42436
-0.478188
77.7882
9.9936
-1.02495
0.386396
1.81727
3.38038
2.73756
0.438815
-1.2473
-0.478163
3.81245
4.33823
4.86511
-0.229869
3.05168
10.3494
0.461244
1.60829
1.37771
0.156193
2.48694
-1.88359
3.16838
0.856971
-0.299688
84.7087
0.110972
1.31485
4.42851
10.8002
-1.5464
0.842072
-0.332173
1.23575
-0.685153
-1.16491
0.566968
-1.81768
0.243166
1.60557
1.18156
9.56325
1.03102
1.33513
0.640842
10.2729
4.16968
-1.03129
0.651721
7.43614
6.70863
17.9703
-0.229055
2.68721
1.305
-1.29012
5.1866
-1.5805
3.54439
19.0686
3.53521
5.09671
-0.523723
-2.20722
7.45603
14.2996
-0.248465
-0.538691
4.15022
-0.685874
107.349
61.9011
2.90674
-1.90417
4.67347
0.405849
1.42583
4.22626
1.9284
0.0124401
0.760357
56.2779
0.455453
1.49626
7.51624
34.313
-0.155384
1.19342
0.907065
0.537176
-0.465457
1.77353
-0.173951
1.76716
9.05259
-0.253188
-0.729514
-0.380628
-0.982491
4.43718
-0.722519
1.17917
1.72546
9.67934
-1.93541
1.70517
0.175987
5.42852
9.13949
4.21802
-1.14658
0.0817585
2.65611
1.96247
3.73977
2.7434
-0.312769
38.4006
32.4287
0.0282773
-0.623375
0.146747
68.8668
1.93276
7.5291
-0.805473
1.06201
2.32627
-0.572699
0.318974
2.31068
7.22871
-0.560924
-1.7239
0.11561
-0.924358
-0.091588
9.3146
0.483261
11.0363
0.715372
9.9122
2.7889
-0.276687
1.58543
0.0386397
-1.13231
17.4224
-0.947439
0.359264
-1.34304
2.71771
3.40729
0.273163
0.505836
0.152446
1.66882
-1.10209
1.28375
0.237412
3.687
9.8974
0.620983
8.04351
1.08902
1.57097
1.30481
-0.106086
2.07287
-1.42813
27.2706
4.95917
-1.57387
1.34377
-1.47578
1.86974
27.9348
2.45636
1.58395
3.49812
-0.561075
1.80169
3.0259
-0.75554
21.935
-0.557297
2.04791
7.86737
-1.04512
3.16135
5.64413
2.91296
-2.12435
-0.447593
2.64795
-1.62409
3.18777
3.19075
3.1025
0.641677
2.96508
2.61167
29.1582
141.68
-1.09683
-1.33575
0.831889
21.2703
3.66335
1.11059
-1.55114
4.42778
3.19727
-0.421559
0.655286
24.122
-1.7427
17.736
7.65306
2.9806
8.87796
2.84466
1.01233
0.103377
0.373121
-0.0401313
-0.281899
-1.7697
2.84087
3.72581
2.45763
-0.923385
1.01223
14.8239
-0.952818
0.688796
-0.147649
5.15187
3.04938
-1.77282
1.2899
13.6169
3.59182
2.55151
2.02692
2.56256
4.0595
2.70699
1.08855
2.39532
-0.179889
6.05429
-0.321045
0.996284
9.31999
-0.467187
1.54353
-0.916528
2.03718
-0.138812
-0.439186
1.79138
7.88731
1.46201
1.83989
3.02628
981.746
-0.60618
-0.97947
-1.3313
2.48888
0.155848
10.6085
5.97935
0.857621
1.55158
1.01143
2.581
1.91608
26.9735
12.6256
3.54086
0.522721
3.27647
-0.493539
2.42951
0.752047
6.60379
4.58169
3.57661
0.44593
6.45603
4.4929
-1.51055
1.58346
2.4223
-0.0885446
5.79444
-0.286727
12.0892
-0.1559
-0.531686
-2.04005
7.99746
2.46969
8.13479
-0.831862
9.20812
3.67201
-1.14436
-1.8687
5.25464
-1.7265
1.3914
-1.22604
5.01197
9.20021
9.76268
10.0491
9.18952
1.05347
11.9125
1.74792
-1.44073
2.15317
1.89161
5.08019
0.0489594
-1.59445
0.655769
-0.0254586
5.98739
1.41127
3.3416
1.31506
1.02438
0.802236
-1.61259
-1.1548
0.626057
-0.861025
34.8593
6.15847
0.221479
29.0678
-1.0903
-1.07202
0.114858
0.265959
8.25626
1.53709
2.40856
57.7492
5.68862
-0.489477
1.03939
1.95688
-0.399304
3.31574
-0.0459336
-0.597768
0.649065
-0.695619
5.85185
-1.21067
2.67011
-0.310659
2.04386
8.64212
16.9824
6.51778
1.2101
2.64739
-0.587637
1.12759
0.126283
3.06269
3.9088
1.99361
1.57755
6.07317
80.1122
0.209401
2.31029
4.6726
5.49156
-1.31881
1.77039
-2.12592
5.30988
3.35513
30.2626
1.48473
0.403539
1.22294
0.857903
275.891
2.25542
5.32034
36.9744
1.26384
-1.12798
51.7866
-0.952603
2.57537
-0.515212
-0.409495
-1.98867
0.460171
0.303206
3.8987
0.465346
-1.86381
-0.883967
2.10909
4.12122
8.6005
-0.850996
-1.47449
0.704102
-0.250825
1.15093
9.17449
1.02559
-1.30528
0.153448
1.30113
4.28369
3.44362
61.9701
0.185865
5.90363
-1.4645
4.37609
0.093471
-1.14119
17.4206
4.39119
-1.09192
3.87175
-0.422495
29.8823
4.44087
4.24087
1.43414
-1.1834
2.81494
-1.22038
3.99342
1.61716
4.44339
8.45357
-1.66677
-1.14089
2.8819
27.3857
1.2579
8.37058
-1.20202
3.8403
7.86168
6.42177
3.80014
0.716828
2.64993
1.54457
0.492491
0.381332
2.22304
-1.10985
-0.0584576
